81
31
80
75
50
87
55
3
32
36
3
6
61
82
30
51
7
53
12
19
48
35
31
37
10
18
50
82
87
28
96
73
12
47
33
96
45
15
73
20
84
67
74
25
13
66
39
75
96
30
26
65
64
1
82
85
96
14
54
12
78
49
34
11
4
35
97
47
4
37
6
24
9
52
43
28
84
58
29
65
91
9
3
47
40
92
22
51
83
10
28
95
71
21
82
3
73
71
68
36
48
91
10
89
83
43
44
47
29
16
27
21
27
90
15
22
76
48
84
20
30
99
3
79
60
92
72
13
24
47
62
46
48
38
7
45
62
41
46
74
20
80
69
36
95
39
40
85
41
83
26
80
63
30
76
54
22
10
3
54
91
74
23
36
64
69
33
37
78
4
47
96
64
17
16
14
77
5
100
13
6
17
76
9
79
38
57
23
51
45
44
40
44
81
43
70
76
5
83
4
45
96
62
32
19
39
63
86
43
29
47
3
1
56
66
46
14
97
85
45
26
12
75
89
93
37
73
22
23
15
56
18
48
71
65
18
92
46
11
84
90
26
50
66
79
100
3
44
60
24
67
23
4
84
3
82
47
88
76
37
20
96
71
37
16
18
33
39
26
84
88
58
44
45
44
66
5
28
1
63
39
28
51
100
7
34
25
48
13
53
94
51
62
100
36
32
11
76
98
71
40
93
1
16
48
62
77
33
15
62
20
10
10
5
12
2
59
62
66
52
19
71
8
34
56
11
86
18
8
68
37
71
43
62
77
23
3
34
44
28
16
44
57
56
3
6
27
89
42
90
93
66
27
10
72
34
30
12
11
25
63
49
2
2
50
98
32
43
77
87
79
51
9
2
30
58
68
88
53
53
65
97
4
97
40
86
86
76
65
88
73
100
29
28
94
23
83
43
89
88
24
8
3
98
1
82
85
45
59
14
58
89
40
60
12
1
87
61
32
19
56
66
17
2
34
41
92
4
50
1
6
41
29
33
60
46
28
35
56
58
60
15
93
53
96
61
13
68
78
93
77
46
69
12
50
100
11
50
10
28
44
30
32
9
64
100
19
96
97
6
13
13
47
94
1
51
77
16
23
93
32
56
86
28
97
18
24
10
38
11
27
70
71
55
14
5
100
56
14
45
